                ---Microcode instructions programmed into ROM for control unit--- 
                            0  0  0  0  0  0  0  0  0  0   0  0  0  0

Instruction     Step    Control Work (hexadecimal representation)
                                        AI AO BI BO ΣO SU RI RO CO JMP CE MI II IO xx xx
Fetch - xxxx    000     0x0090          0  0  0  0  0  0  0  0  1  0   0  1  0  0  0  0
                001     0x0128          0  0  0  0  0  0  0  1  0  0   1  0  1  0  0  0

LDA   - 0001    000     0x0090          0  0  0  0  0  0  0  0  1  0   0  1  0  0  0  0
 -arg: addr     001     0x0128          0  0  0  0  0  0  0  1  0  0   1  0  1  0  0  0  
                010     0x0014          0  0  0  0  0  0  0  0  0  0   0  1  0  1  0  0
                011     0x8100          1  0  0  0  0  0  0  1  0  0   0  0  0  0  0  0
                
ADD   - 0010    000     0x0090          0  0  0  0  0  0  0  0  1  0   0  1  0  0  0  0
 -arg: addr     001     0x0128          0  0  0  0  0  0  0  1  0  0   1  0  1  0  0  0
                010     0x0014          0  0  0  0  0  0  0  0  0  0   0  1  0  1  0  0
                011     0x2100          0  0  1  0  0  0  0  1  0  0   0  0  0  0  0  0
                100     0x8800          1  0  0  0  1  0  0  0  0  0   0  0  0  0  0  0

SUB   - 0011    000     0x0090          0  0  0  0  0  0  0  0  1  0   0  1  0  0  0  0
 -arg: addr     001     0x0128          0  0  0  0  0  0  0  1  0  0   1  0  1  0  0  0
                010     0x0014          0  0  0  0  0  0  0  0  0  0   0  1  0  1  0  0
                011     0x2100          0  0  1  0  0  0  0  1  0  0   0  0  0  0  0  0
                100     0x8C00          1  0  0  0  1  1  0  0  0  0   0  0  0  0  0  0

JMP   - 0100    000     0x0090          0  0  0  0  0  0  0  0  1  0   0  1  0  0  0  0
 -arg: value    001     0x0128          0  0  0  0  0  0  0  1  0  0   1  0  1  0  0  0
                010     0x0014          0  0  0  0  0  0  0  0  0  0   0  1  0  1  0  0
                011     0x0140          0  0  0  0  0  0  0  1  0  1   0  0  0  0  0  0

STA   - 0101    000     0x0090          0  0  0  0  0  0  0  0  1  0   0  1  0  0  0  0
 -arg: addr     001     0x0128          0  0  0  0  0  0  0  1  0  0   1  0  1  0  0  0
                010     0x0014          0  0  0  0  0  0  0  0  0  0   0  1  0  1  0  0
                011     0x4200          0  1  0  0  0  0  1  0  0  0   0  0  0  0  0  0

LDI   - 0110    000     0x0090          0  0  0  0  0  0  0  0  1  0   0  1  0  0  0  0
 -arg: value    001     0x0128          0  0  0  0  0  0  0  1  0  0   1  0  1  0  0  0
                010     0x8004          1  0  0  0  0  0  0  0  0  0   0  0  0  1  0  0


